tau <- 2 * pi
e <- 2.71828